500,15.848011826263088,105.67765047329539,4224.533908279288
4.728335345979671,2971.3048359641834,9
48.80714812871602,2559.6749855863513,8
53.7731946488541,2522.3331233656,7
61.916884843324965,3057.522124629087,9
15.065327416015192,4101.983584874591,2
70.65562178772176,3446.631443323968,6
101.13037943351968,1657.0798206121772,9
57.91615322239555,4116.390145649839,2
100.01864373569794,3757.28339356499,7
1.6599836423127081,3968.755765606154,6
85.9718210570523,3031.7520209929653,1
96.9156066410949,1304.6913721972685,6
31.813908604324208,671.655377383171,4
78.93197495970618,2105.8355596055767,10
93.97631851889713,3365.8324776399,5
44.66539414892566,3752.913801387913,9
57.006695420300126,1393.5895667934392,8
19.903175713101405,3651.9432212598053,1
46.456865206433854,3959.1834199767036,7
59.500099692908165,159.82507349565228,3
85.36549919763738,751.8929206688612,8
103.54743603341277,1075.960616390726,9
80.08144066482618,3122.984956976752,10
48.96499683196561,3007.3206022086383,2
76.42808395160358,3025.198032037887,10
25.165757249543546,2437.5624441220607,9
36.78518384174492,641.723444373391,6
26.581570275965102,825.4860041952142,1
12.689134852769811,3206.5762047944972,4
88.31396513483415,3802.4151506657895,3
30.409702204226434,1552.8467189831601,7
71.82616301583161,1680.2707503808927,4
25.81012808313244,3814.4015606221624,9
57.08701531742718,3910.8074749376783,5
56.47869575968022,2349.183911627815,4
97.66496142013354,1723.4089164742318,6
80.92874496772289,2277.483823630971,3
11.11720067453337,1657.7290760089822,1
102.17940986157548,2568.430499904178,6
62.33591675334205,6.5275962501455895,2
103.64386379447353,3454.9111026445594,6
10.219243373906176,2157.3971999744867,9
24.680327175169754,4028.6957097843056,10
65.00992110292417,569.3280386191609,4
3.7004245404398044,2270.8290568210646,4
18.488761697038065,1857.9920772750381,9
43.65822502750071,1499.1400311895632,1
71.78001729840679,3470.9545473793473,2
57.59198828289051,3213.3530825628964,10
20.56047486460034,1182.6333880015882,2
75.8723645930467,1816.214946835577,3
73.79178580618424,746.0220992621652,4
64.51573516504982,2348.1285897928715,9
14.57033891187142,3605.516744105273,3
17.106595347529424,3419.1629653111104,5
39.534947225023664,1765.4898074165233,2
59.88170880516307,3895.9034626148937,6
98.4858220014367,2774.640700024393,3
21.825324586195585,3627.720893471025,4
56.14409504287639,2891.5901407097763,2
45.87205601434941,1912.757682103494,10
34.04786295757545,898.973112670914,2
88.92569954828343,490.82812575131976,8
11.841511804758097,531.5275501834246,8
61.506582565962695,867.3533272295491,4
49.57052778776292,3283.7959787040227,3
59.30309964453268,586.3430137687707,5
37.68761175790136,2988.199749027078,7
71.87067782079743,600.5049037224212,1
95.8775402638864,156.95280041451701,2
0.7387054853820157,2673.728238382335,3
52.44264087204671,3970.4363339910337,7
30.955107652715334,918.1498072492758,9
15.704956515393524,1575.653819191839,2
15.047587396366946,1072.4741822438466,1
58.33748907383145,2233.650427920713,8
6.778394702070199,369.295179246763,9
4.0038597232929725,803.9921613122998,6
24.904434679355667,2667.0582971900517,8
88.29425750685994,241.51705330080782,8
8.721502277663253,2625.0735266290008,2
8.189093165154558,814.3194854135907,5
44.11454329972528,980.7081146203371,8
102.14786116294637,3849.413679148175,4
90.12586324114318,107.7208509197641,7
26.18936620797146,2882.8580338882816,5
47.738704797312884,4131.604846417683,8
62.45593638941534,3980.12813098061,2
8.252536015256334,3723.2391379289948,4
38.49865614402045,2645.3586514641797,6
70.81340120291684,3563.372922394927,7
13.299399578269707,3765.9507820925664,8
90.8100192045896,2708.3699383007624,3
6.2736867468168285,1599.8605007246254,2
89.1409208913665,1559.034260419105,3
39.837428872729284,2115.528010671201,5
77.68337896107528,3447.6552647965364,8
102.01591020675023,1526.6175654603235,2
47.23605733027219,1760.7188708301896,1
57.389678010472764,4012.0055015759954,6
43.25607171239229,3944.1784299275587,1
35.65044667188115,1587.293767397487,5
17.184591486020086,17.0078714181482,1
20.560403421033804,3537.892722519658,6
93.35981735744204,1223.4277181877144,6
0.7834124062616776,2075.3629954632847,7
20.409054998858938,2048.439401046315,10
24.809527883167956,903.9894631763067,8
78.6570660201333,297.22144126674846,8
36.38672827914257,4065.169863059567,8
69.02688748906647,737.7716985160326,3
54.614320096565585,451.46133451987646,2
44.70821165606836,3401.6204176036404,7
55.64907238343649,1972.1256806298472,3
92.72293379958114,301.5306137016003,2
85.04495312639267,3603.787293738747,3
62.39955649707296,2545.6242410191403,8
49.45100717955234,618.7131021825408,7
36.80069139523909,488.90891840083776,9
72.62220213317751,716.3060938076289,1
40.68138818657972,3156.524278973298,2
83.49892470975416,2902.9118895856345,2
30.565748534770503,1354.0182161048779,2
14.157520549945298,4059.422528336506,9
70.4609442553572,151.6210653572463,10
28.79466500924949,2955.658943462266,7
104.68574608714184,2618.2423098792624,5
89.34780223833933,477.69591023793214,2
93.30576316453379,2181.7944237981933,5
79.45801017657209,1329.5858802223534,1
10.377809112522737,3554.1709882060977,8
83.74743833814878,177.00768792946954,3
77.14979102015494,3763.4477622719496,5
91.18941998184233,2298.3739691396972,10
41.00505203850951,1479.9253645232411,9
26.542531141944604,880.7859520012154,5
60.485582969503085,3565.9410954152136,8
77.3837993499078,455.670510816091,8
75.18269926896609,2477.236819189946,4
81.9470347679623,2817.8835545351913,2
38.26708291969445,2397.637268125532,9
57.447648341566705,393.32288458777936,6
62.81777674671392,2137.0493094116346,1
46.44231587475207,2271.9547567104933,4
63.862054294811415,564.3320286987135,6
11.5658405241441,2842.5857714618896,2
46.130468022113526,1342.946220116549,9
5.939635127023144,4183.911130563987,10
9.572331854778602,2260.6655660504466,9
42.577653820608425,3556.866999488961,2
97.7014110810662,2038.630537090165,4
11.955743082519074,1472.8839410641272,2
75.72409167449092,3299.680036184138,8
69.9291656009221,2344.9554294925183,7
48.94007817505945,3065.05303914409,6
79.02670250734846,2487.836271014605,1
63.96988273992461,2564.140222654063,3
80.33241790590918,424.83845021344337,6
47.90230290494537,1954.2356871934774,4
5.3243562151635455,720.45750268245,4
3.9941709920930757,225.26214190215345,7
22.092335840910735,44.494299853638395,10
75.26545227464689,235.04121291477466,4
38.90449643588516,2194.5771629489745,2
82.60043479519692,1404.3915738160015,1
39.592657182865864,1108.6671463200837,2
34.83420380661676,1751.0101427018353,10
62.4656271764385,3634.4779676598246,7
41.95545917960369,1113.327335522372,5
38.822720518875286,547.4811887547404,9
70.78211108184014,2894.7247695540736,9
86.05924863092713,2426.2010152278654,7
100.70845829257469,3540.6296147626385,8
98.57463955741461,1729.9508311741552,5
99.43560687928708,3517.9576288216344,9
47.745737424138326,147.68347372459735,2
45.139101525040985,2865.1731590556396,1
58.146817899415716,924.0141582461947,10
97.17822493305027,1824.1329517994716,5
17.834576391093947,1936.4818110198419,6
41.13899186595581,3312.6331879117283,9
63.977355482296694,1550.7538734381671,2
74.47390840316974,2812.670814911255,10
75.55158497199264,3361.3854892771424,5
56.0487042882727,3427.8826745430392,10
87.72120743490922,4175.8472208270505,5
23.28188065919088,2226.667034241137,7
40.29699232849804,53.860440480083405,6
24.288967542106302,1968.4327620043607,8
41.96226476013013,2292.0675484252874,9
3.5991654952250256,1203.959077149633,6
88.61455386310821,1057.8685638603117,9
87.94369794609726,2187.720108449948,10
95.65157727435712,606.546722234355,4
66.94345565133037,429.9980089598885,10
21.434367379069023,2798.5222808834205,6
20.698763628444954,2056.339399972101,3
63.033123048853966,31.20342927771274,10
87.19114804210781,134.19967286335753,4
46.531057724656854,421.72926696453396,5
62.539170367191744,2460.5677265996133,7
21.95684303497887,1795.6912738247322,10
42.26003743344083,3079.467700505733,4
50.55854521977699,4141.470856656213,8
27.885161950983072,3604.6658438404384,10
92.97568219480229,1327.7008010885186,8
68.49472901786186,3573.388791134745,9
44.66051692763539,1976.1685210399637,5
16.797525909402882,1356.579504906385,9
14.488738255027792,62.19514726534902,6
104.3725948164463,230.61368152871313,1
5.542531310260607,2644.013856988282,9
12.531563793580421,3400.153015084885,5
54.867399231392376,2027.6758605523642,4
72.74691461359436,3061.6841953720564,4
76.67339547464262,962.5136533292416,8
49.70455863053436,238.90993681250347,4
52.85444529221229,2022.8058918576583,2
104.4088889169571,3410.295928214567,2
8.846700335388986,3981.329686024914,2
65.87873773855824,743.0020034489241,4
74.2767808623305,1725.6702440715078,9
39.7842634159606,1235.282699741118,1
65.59483428291719,1290.0794230430763,3
27.81568457534802,896.3945540370329,2
53.43580767695502,426.0048992215714,9
34.104301721168774,2204.984237872757,10
55.397971319942876,750.0792466379717,7
78.86134092757759,2581.7121181860616,9
19.712424085517718,3299.5599919698334,2
61.08436424140074,2389.981973675629,6
104.69033971471883,3457.603067391015,10
68.68378722564508,756.7769477187186,5
7.2942147324643285,2247.7422587949336,2
57.42230881451358,587.2733151431132,10
92.44112615070667,2649.4765595649164,3
38.0946730839212,2139.1756627451614,9
38.390939907012125,404.97396217743335,8
17.684258575714548,409.26360814734653,2
50.45597941705596,1945.9775125294018,10
46.93216015805251,223.67038431611343,1
80.15576178472955,736.4566397005133,10
89.98731496405291,1036.2637119615217,5
10.296489997250273,4216.859490559568,3
10.863019511354619,544.1625406242587,7
38.41642748805535,441.43229286623625,6
84.61305583963075,180.09149992779396,6
76.99128936092328,951.7680795390672,9
69.44663197769056,3425.0506173180415,10
46.48989308104872,2537.1933530919187,5
89.74183048430672,473.8444202180401,5
78.00115936310503,3942.5724422200005,3
1.5202590564381446,4167.661875769574,9
103.30698761527464,1526.2423321532294,2
76.60304654143204,1541.7112232462428,3
23.160454350514197,1789.1016786003602,4
94.48023986529653,2130.7683332024767,9
59.35522009895394,2607.1566191956917,8
99.29571089809085,3609.147730542076,1
94.10080326644818,4000.769087948085,10
1.7569604511618084,683.0593670349854,8
3.1738160837014173,4132.80115393863,4
53.77463761291298,1272.3463550232275,7
30.379116048204825,4039.859657486014,7
102.22975270731989,2454.0279768581627,10
6.423082283201498,1162.626127046068,9
78.28395734181818,4154.109234705302,3
65.44999244581022,4162.523938314555,3
40.04882720194497,4218.795053045414,7
34.725594759698325,4057.147498216862,7
70.62345344646222,1937.8805070428866,9
8.722756766164895,4085.8452230628322,5
97.37113446776881,2153.2165078205408,1
7.215329733398479,1055.5963122387345,7
89.65148640305031,1525.4928828761415,1
90.05767950576079,1844.566056498526,9
23.733245063387002,1042.0447008148224,3
48.50040187240065,2888.040910206524,3
28.36439516187137,1628.3730246458476,10
9.992304954062856,1361.0940466586092,9
85.664678492305,2085.301295819036,2
99.7093792402911,2202.5091919299894,8
83.32856081896051,303.159633765592,2
57.626096556208815,2957.1486873088143,2
83.27449571376607,2093.97342350586,7
53.20474969493197,738.9473053566187,5
77.67605801944951,1039.769522936898,7
85.90362773742604,3557.2097634661422,7
1.3096606876456287,725.6272598387202,10
71.52771175711412,912.4667769207996,5
4.0662002699967825,99.61316283301366,6
14.355601581859686,1451.7856908797776,5
62.300695826101354,2172.357062977938,8
23.58257907678023,3596.975761307334,7
29.692927783346402,1241.8168008164564,8
88.75155233682284,3569.3962426109993,3
60.08516630021815,3728.0637434454234,3
38.498234414009666,3352.6100659380495,4
59.061619548092914,711.6571698711076,9
95.21317594109918,2011.4385765603895,6
97.46139046541866,3805.267534086012,6
38.0867975527388,1210.279187625493,2
59.469974204343366,709.2694434429804,5
50.333211598676876,1472.690340984869,4
5.128761772200298,1046.0347914104823,4
29.57777648069627,2126.861158053852,4
40.32829265232433,348.67468550192774,1
91.07084520649543,820.7043714168427,8
6.390201746370943,1232.9525041194777,9
52.26649613831943,1608.0051463487002,10
44.578843124480024,2821.4346488304986,8
41.244846892675326,956.8371114830913,1
74.40063467223844,2377.065767596915,4
5.086956297613664,727.509423239546,10
45.01446175472203,1222.2751288001953,1
30.93805076995479,3685.4488143498515,4
41.45360467885086,996.5502813248427,9
33.10400461401662,160.70085017167278,1
88.2864558654624,2381.3329005359433,9
50.772903079550304,3021.177914355753,3
26.00048384572269,3094.473285377869,8
58.50072946866752,3952.1847372569714,6
92.73023242742124,531.1006487234001,4
76.799984065112,2586.4613969918646,3
26.83659213907357,3107.6289284013337,1
26.266685817198287,307.4290121724952,5
53.161470368076195,751.6229698512196,6
47.92447167956305,3926.0502798130387,9
43.7960305407356,1173.8396695095294,1
54.301315219024445,2022.7432428383995,7
16.50813622814864,639.2544850079655,3
61.3207003206739,1628.3052355418677,9
63.488144885247124,1648.2099244581416,3
18.129451277475937,2546.6387963070347,3
87.57403745656978,4008.0309821184374,7
100.23657902243625,1926.0077017496794,6
66.96406575131851,1083.2149709112985,9
9.438375968076002,3012.11092230272,9
76.5562136983785,351.35150799365323,3
17.571560079749553,1132.6281110902235,4
83.05217693917804,105.53096465188686,5
25.021423036808166,2651.6741132873985,6
44.61974852041061,3912.388682307882,5
27.51344751367427,2825.4654360756867,9
47.615490909229976,3334.540978952121,8
53.35255409322116,2442.308486056889,5
78.11797499203493,1.7691519702170093,7
96.0282067860149,2923.8305846468184,9
67.48307399347725,2904.149246853607,5
2.6113904721395578,3507.3066480553257,7
67.57869968697123,770.4989568399052,6
88.8291309478661,572.7539044563629,4
14.30168945898201,1121.2906077383839,5
44.15976363221647,3547.3972911819324,7
88.87399022009441,454.6491605807135,8
2.9101391968345625,3453.925210536161,1
77.42091518396734,3828.099131749588,8
89.00130774620054,3778.6025484082775,2
11.30276647620477,1811.8198436143307,9
83.11014912503481,1557.371992527894,10
83.71945491143799,867.3606102075692,4
72.06924398602253,1363.8882895935549,5
19.75049182269076,2832.202004075619,1
87.05444577063034,4092.4703643543335,5
23.023062795365423,693.5367595645039,5
43.161417114073316,3329.248268249593,3
67.1419309538648,3040.9774696504105,3
49.381875132983204,912.0879935663239,9
60.653123983761944,890.4341129662037,4
23.990198910562757,57.033638985811784,10
19.659735063987764,3564.9487116828273,6
101.38549274618599,2398.3045903102125,8
89.80871699783681,2614.965627906954,6
18.92772018622267,2206.6136809468253,4
43.874600526998485,4216.009638360048,10
29.76042234152502,1605.7262534428219,8
12.86679368458569,1681.2658207199859,10
0.36778881276787195,3585.198445056261,4
28.96301521817421,5.76713047641677,8
84.68206662250485,638.0925393422865,9
94.77575989436335,915.357610373638,5
25.541618396732083,3679.2089942177313,2
95.99543526185622,1642.6066193606066,3
30.673251607922175,3844.967613314007,10
17.205657724301144,921.7481392693103,6
34.162286859902714,3441.2075100115903,7
50.22428704299687,3552.922577050575,2
103.23423734135044,3627.7029342024985,3
45.32700207679396,2081.2024695270134,7
5.454801165758953,1716.5147436598982,1
42.42946500133296,2473.747434608079,4
13.436496222307031,66.2344608157752,7
30.382196460940786,2558.8749113083127,9
49.541297872318246,745.398901791808,6
46.792283063059074,4210.188446849265,3
81.73438428409732,1046.481534218793,10
10.524667866517303,2234.476996569574,3
28.81403332030731,4198.24791189803,1
81.26773358650452,1614.7921499224642,4
16.21914121987759,934.6129442013734,10
31.821226386553473,4056.102801513543,8
14.660604988809084,1154.7500228099268,7
14.966106984275015,471.2662863338085,1
95.8702740315572,1690.747003583769,6
97.10387730508519,3148.021564615842,3
66.99149640607845,2414.468907869813,1
64.43987828358429,1731.3337308867729,3
30.675526165488275,2949.374748684669,4
20.91325174983842,2401.899463267695,10
15.970528292411615,1388.7228932310218,5
36.27180661251714,1467.185098302367,6
51.07730105683277,300.3489788754752,2
72.39790901456101,1860.2111622440718,6
2.282247894741017,2708.00170711507,9
59.69258180408458,1725.1286666458084,10
36.00359308147967,2489.337843955371,6
78.17707324763333,2972.753331693399,1
88.09125005896823,632.4268196370977,1
67.35696990772875,384.62156529342207,7
71.22304285472511,209.9165624513174,10
73.26242818316025,1149.9904679210458,10
104.15501201585066,1653.1350869427185,6
31.911512057178303,3918.8370390796076,6
94.62297115896172,1164.210071258191,2
88.5740012816347,3355.0305189324176,3
73.45198778646647,1763.1865763024464,9
77.55250061965769,859.1576104958359,1
79.36243811077438,4216.900512612447,4
7.3102377494731945,692.9187279899055,5
48.537920132254584,3336.144816008794,7
38.00737375394676,802.6269489368333,7
10.874245995689927,3482.282373724644,3
45.87711218722316,3196.6673521788116,8
31.19733889012141,2137.1291799599544,10
44.95864725564317,2122.8854171723883,8
66.26935984428172,3260.4500529575475,3
62.44283139264162,1942.7474101469147,1
80.85813548305613,1197.0416465271974,10
82.80145220756377,4100.204185748019,2
72.0265799120736,1281.1324328617513,7
37.05232719537859,3389.221867780332,1
74.48690463133035,1730.0698471313594,4
75.3816444121227,1350.6852455244461,3
103.71152752947773,2641.571796256597,10
16.234203331178854,2178.399514641514,10
96.08083059815549,4127.952319579051,3
27.225593698735857,3185.2437421365403,8
58.20030354128091,1056.922601395441,10
68.67984140021993,3315.171597417145,7
61.77873953991243,1710.1899639382923,6
27.21543283026784,3714.546033292186,7
39.63554237121074,3238.688497237904,6
11.518359984479387,1296.9289975264696,6
79.80760155165103,1176.2357534079747,6
24.87952091573633,467.7588092787588,8
38.66620174412024,1450.182880500053,8
39.13914616370482,1879.5927260833073,8
73.88725523023449,2234.6376686877784,1
53.568817965226756,4041.5541310596495,1
52.5933028771833,1814.3749699105986,4
59.801378149263805,266.01692012473836,10
96.30880920758109,135.01433315602878,10
43.14324529610708,855.378616065027,7
5.935001717871218,992.9430448849732,2
14.66458626562364,3049.344986345289,7
66.66652314455656,3447.6980714090732,9
62.04783237733464,3169.343251324328,6
87.3755411670812,22.757558243955437,10
39.97020319846686,1656.1704385853523,8
6.610074891492253,449.1888251011087,4
75.34936937174987,2419.6217600954033,6
19.248695274506773,2460.821293886576,6
6.062582552071201,2748.4985278882523,6
58.9802852704276,2110.846478142606,5
29.611496865845567,691.075786730532,5
56.10941557565178,3381.135980745959,3
101.84592491035183,3617.0038888170475,7
3.8955745518893963,1007.4781415448758,1
103.2139013036105,3832.884281996383,3
58.97338959348066,2257.597573379781,2
47.55138950136259,1043.8389026778257,1
23.737453388836286,260.1505641190193,7
22.666348845275664,3131.957486589019,4
42.285343056005075,2793.9411309952466,1
31.475924884872782,1983.5575217089204,10
11.233559058214597,2929.3999757096003,5
23.438346337697777,1092.0504330800534,5
12.091961067379751,1350.9980381330322,4
54.60164324025267,800.454744790495,10
67.44177431600878,375.3164791433633,4
74.23720583956197,1370.139376931804,5
100.29229038351892,232.99053638940404,9
43.17154828683852,631.3905431624246,7
94.12572183331825,4028.855058954457,6
64.99113345326784,1347.2427433164273,9
43.976731724744035,518.2239694382288,4
73.38099317365754,213.8795888736384,2
64.58964819264845,1615.8633275207965,6
54.055459144876416,412.82618937804784,2
63.79700838110893,739.5045317548355,7
